浏览器编号	初始金额	现余额	变化值
3152	6944.99	8301.67	1356.68
3135	8965.99	10059.44	1093.45
3019	7870.85	8902.50	1031.65
3040	4735.99	5751.35	1015.36
2897	5958.99	6769.05	810.06
3015	6806.85	7550.01	743.16
3165	8582.99	9318.63	735.64
2920	4106.99	4780.12	673.13
3091	6020.99	6669.67	648.68
2926	5290.99	5909.45	618.46
2889	6570.99	7181.58	610.59
2814	5629.99	6238.29	608.30
3154	4185.99	4788.48	602.49
3002	5280.85	5871.25	590.40
2823	5816.99	6401.52	584.53
3184	6213.99	6797.33	583.34
3175	7310.99	7885.53	574.54
2882	4974.99	5534.41	559.42
2907	5217.99	5775.03	557.04
2944	6451.99	6999.48	547.49
2810	5090.99	5618.91	527.92
2921	9225.99	9742.65	516.66
3180	5720.99	6236.66	515.67
3174	6688.99	7198.82	509.83
2928	6124.99	6634.50	509.51
2873	7892.99	8397.25	504.26
3185	8785.99	9279.06	493.07
2919	4331.99	4819.09	487.10
3055	5824.99	6304.20	479.21
3021	7444.85	7917.37	472.52
2924	4878.99	5347.11	468.12
2930	7621.00	8083.03	462.03
3186	6477.99	6932.05	454.06
2937	9312.99	9755.83	442.84
3046	5620.99	6058.14	437.15
2856	6843.99	7269.51	425.52
2977	7128.99	7536.50	407.51
2991	8284.99	8683.24	398.25
2934	6010.99	6408.08	397.09
3084	4630.99	5018.30	387.31
3102	4892.99	5270.07	377.08
2939	9686.99	10063.83	376.84
2841	7924.99	8299.66	374.67
2806	4586.99	4958.42	371.43
2986	4516.99	4862.46	345.47
3066	6010.99	6352.79	341.80
3086	4954.99	5291.77	336.78
2981	6600.99	6936.10	335.11
3076	4122.99	4449.37	326.38
2968	5156.99	5483.30	326.31
2830	7744.99	8068.13	323.14
2904	6636.99	6955.66	318.67
3158	4697.99	5015.88	317.89
3148	6490.99	6806.52	315.53
3060	5293.99	5607.55	313.56
2966	4889.99	5194.18	304.19
3074	7123.99	7416.61	292.62
3072	6850.99	7141.87	290.88
2851	6476.99	6767.42	290.43
3036	4216.99	4504.08	287.09
2894	5895.99	6182.78	286.79
2835	9058.99	9318.74	259.75
3085	5768.99	6022.32	253.33
2838	4217.99	4467.46	249.47
3127	9678.99	9928.08	249.09
3050	6187.99	6433.29	245.30
2947	9486.99	9731.31	244.32
2938	3646.99	3890.14	243.15
3042	5071.99	5294.15	222.16
2818	6154.99	6372.47	217.48
2865	4587.99	4796.43	208.44
3013	7323.85	7530.95	207.10
3130	4761.99	4966.05	204.06
3106	4460.99	4658.15	197.16
2802	8704.99	8901.96	196.97
3000	4894.99	5088.95	193.96
2801	3794.99	3983.49	188.50
3177	9765.99	9951.66	185.67
2970	5411.99	5593.81	181.82
3044	5363.99	5544.15	180.16
2836	3893.99	4071.06	177.07
3151	7261.99	7427.73	165.74
3075	5375.99	5541.55	165.56
3172	6424.99	6585.92	160.93
3173	7574.99	7735.15	160.16
3121	5953.99	6108.17	154.18
3098	4284.99	4435.92	150.93
3132	4894.99	5045.37	150.38
3071	5907.99	6054.31	146.32
2975	7394.99	7532.36	137.37
3100	4725.99	4860.66	134.67
2942	5574.99	5705.96	130.97
2951	3126.99	3257.04	130.05
3114	4850.99	4980.66	129.67
3081	6002.99	6130.09	127.10
2837	8605.99	8726.10	120.11
3128	4586.99	4706.16	119.17
3010	4781.85	4900.04	118.19
3079	5813.99	5930.93	116.94
2961	9232.99	9346.69	113.70
2870	8724.99	8834.43	109.44
2929	7207.99	7316.48	108.49
3028	4860.85	4968.88	108.03
3069	6232.99	6332.28	99.29
3011	7717.85	7812.17	94.32
2829	5017.99	5108.22	90.23
3134	5033.99	5121.56	87.57
3006	6033.85	6116.01	82.16
2955	6438.99	6516.54	77.55
3062	5537.99	5613.50	75.51
2844	5196.99	5270.96	73.97
2972	5674.99	5748.77	73.78
3109	6062.99	6134.72	71.73
2849	6750.99	6819.10	68.11
2958	7627.99	7689.21	61.22
2946	3012.99	3065.44	52.45
2872	4106.99	4159.29	52.30
3056	4397.99	4449.27	51.28
2957	4532.99	4583.33	50.34
2953	4320.99	4366.63	45.64
2902	6490.99	6534.37	43.38
2917	4478.99	4520.62	41.63
2827	5281.00	5319.27	38.27
2845	7302.99	7335.80	32.81
3110	4991.99	5024.45	32.46
3101	5673.99	5706.14	32.15
3051	6311.99	6341.57	29.58
3003	7218.85	7247.01	28.16
3108	4336.99	4364.92	27.93
2948	3278.99	3305.60	26.61
2888	5428.99	5453.57	24.58
3162	5183.99	5202.80	18.81
2803	4067.99	4085.16	17.17
2945	6881.99	6898.99	17.00
2905	5362.99	5379.46	16.47
3093	5712.99	5720.03	7.04
3097	5865.99	5872.36	6.37
3157	9546.99	9552.98	5.99
3064	5723.99	5727.22	3.23
3094	4828.99	4827.49	-1.50
2859	5380.99	5369.44	-11.55
3141	8368.99	8356.31	-12.68
3077	6276.99	6264.27	-12.72
3149	7508.99	7495.64	-13.35
2815	6872.99	6859.35	-13.64
2954	6893.99	6876.81	-17.18
2884	5135.99	5118.72	-17.27
2918	7667.99	7648.05	-19.94
3018	4628.85	4607.45	-21.40
2909	5064.99	5028.91	-36.08
3083	5527.99	5491.00	-36.99
2965	8711.99	8672.48	-39.51
2877	4518.99	4476.45	-42.54
3104	4607.99	4564.70	-43.29
3054	6674.99	6629.04	-45.95
2831	4754.99	4703.29	-51.70
2842	4861.99	4810.13	-51.86
3115	5548.99	5495.75	-53.24
2993	8017.99	7964.26	-53.73
2980	6731.99	6674.14	-57.85
2943	7758.99	7694.33	-64.66
3145	7972.99	7908.26	-64.73
2969	8175.99	8108.19	-67.80
2913	4770.99	4698.79	-72.20
3159	9301.99	9226.57	-75.42
3122	4297.99	4221.19	-76.80
2890	5582.99	5505.88	-77.11
2984	4249.99	4166.44	-83.55
3116	4702.99	4616.53	-86.46
2813	7135.99	7048.57	-87.42
3014	5692.85	5603.19	-89.66
3193	7753.99	7663.93	-90.06
2820	6427.99	6329.00	-98.99
3155	9813.99	9712.43	-101.56
3181	9278.99	9174.47	-104.52
2839	8281.99	8171.78	-110.21
2821	6071.99	5958.69	-113.30
2994	5581.99	5468.22	-113.77
2809	7665.99	7547.23	-118.76
2883	7024.99	6904.84	-120.15
3058	4846.99	4725.88	-121.11
3031	7185.85	7063.67	-122.18
2825	5553.99	5428.73	-125.26
3026	4376.85	4236.32	-140.53
2979	6864.99	6723.59	-141.40
2866	8175.99	8034.40	-141.59
2800	8957.99	8816.34	-141.65
2992	5315.99	5168.28	-147.71
3144	6026.99	5877.90	-149.09
2950	3541.99	3392.64	-149.35
3030	5313.85	5164.00	-149.85
3068	6266.99	6112.55	-154.44
3047	6878.99	6720.26	-158.73
3025	6282.85	6122.75	-160.10
2852	6297.99	6128.17	-169.82
2868	8438.99	8269.12	-169.87
3182	5986.99	5812.98	-174.01
3146	6283.99	6109.91	-174.08
3166	5691.99	5517.14	-174.85
3137	8720.99	8545.23	-175.76
3142	5873.99	5698.08	-175.91
2936	4020.99	3842.93	-178.06
2874	4234.99	4055.67	-179.32
3153	7054.99	6874.01	-180.98
2916	7520.99	7337.07	-183.92
2927	8041.99	7857.25	-184.74
3120	4445.99	4252.25	-193.74
2804	8431.99	8237.08	-194.91
3190	6980.99	6783.83	-197.16
2861	5112.99	4914.00	-198.99
3125	5482.99	5282.91	-200.08
3139	8501.99	8294.12	-207.87
2885	6863.99	6653.28	-210.71
3164	5416.99	5205.06	-211.93
3112	4763.99	4546.35	-217.64
2822	6682.99	6460.49	-222.50
3136	5278.99	5053.89	-225.10
3168	5945.99	5717.18	-228.81
2876	4371.99	4143.13	-228.86
2908	6934.99	6703.16	-231.83
2811	7408.99	7175.64	-233.35
2976	6203.99	5970.59	-233.40
3188	6734.99	6493.60	-241.39
2892	5731.99	5490.50	-241.49
3096	4533.99	4288.18	-245.81
2978	6467.99	6214.31	-253.68
3087	5444.99	5191.16	-253.83
2988	4782.99	4523.52	-259.47
2875	7764.99	7503.65	-261.34
3016	4411.85	4149.79	-262.06
2819	6344.99	6080.04	-264.95
2848	5748.99	5478.10	-270.89
2898	6192.99	5920.88	-272.11
2887	6715.99	6441.84	-274.15
3123	6101.99	5823.31	-278.68
2817	6607.99	6328.40	-279.59
2812	5363.99	5084.09	-279.90
2834	3440.99	3156.56	-284.43
3192	7245.99	6958.82	-287.17
2808	4833.99	4544.87	-289.12
2847	7031.99	6741.77	-290.22
2914	7375.99	7083.84	-292.15
3169	8053.99	7756.03	-297.96
3034	6026.85	5724.73	-302.12
3041	7763.99	7459.38	-304.61
3113	5635.99	5330.49	-305.50
2816	5891.99	5585.84	-306.15
3032	5597.85	5288.44	-309.41
2940	5197.99	4882.99	-315.00
2828	7481.99	7164.30	-317.69
2959	4663.99	4346.29	-317.70
2864	7911.99	7594.21	-317.78
2871	3774.99	3453.51	-321.48
2824	6945.99	6621.69	-324.30
3043	7427.99	7102.35	-325.64
2867	4323.99	3990.68	-333.31
2941	8135.99	7800.06	-335.93
2863	4854.99	4517.73	-337.26
3012	5175.85	4838.15	-337.70
3176	5233.99	4889.53	-344.46
3131	9237.99	8891.56	-346.43
2906	6781.99	6434.58	-347.41
3009	8140.85	7791.50	-349.35
3099	6114.99	5764.94	-350.05
3095	5570.99	5220.17	-350.82
3001	7604.99	7253.33	-351.66
2857	5655.99	5300.35	-355.64
2879	7335.99	6979.69	-356.30
3118	4588.99	4229.92	-359.07
3007	6465.85	6105.21	-360.64
2850	6022.99	5660.22	-362.77
2899	5806.99	5440.21	-366.78
2858	7118.99	6745.03	-373.96
3078	4585.99	4208.46	-377.53
2843	7637.99	7260.05	-377.94
3124	4916.99	4535.78	-381.21
3067	6488.99	6105.41	-383.58
3107	5938.99	5553.13	-385.86
2832	8015.99	7625.12	-390.87
3156	4452.99	4060.59	-392.40
2974	5937.99	5544.15	-393.84
3111	5407.99	5013.83	-394.16
3187	8521.99	8127.55	-394.44
3045	7135.99	6734.03	-401.96
3161	9078.99	8672.52	-406.47
3037	8282.99	7875.21	-407.78
2886	5283.99	4872.53	-411.46
3092	4686.99	4275.28	-411.71
3170	6212.99	5800.59	-412.40
3167	8307.99	7893.22	-414.77
3027	8122.85	7705.53	-417.32
2962	4374.99	3955.15	-419.84
3090	4378.99	3948.08	-430.91
3129	9412.99	8981.43	-431.56
3150	6737.99	6304.92	-433.07
3048	5942.99	5507.68	-435.31
3183	9012.99	8574.94	-438.05
2997	8376.99	7934.58	-442.41
2854	6580.99	6138.02	-442.97
2960	4099.99	3656.50	-443.49
3038	4588.99	4143.50	-445.49
3191	8018.99	7571.78	-447.21
3117	5696.99	5249.63	-447.36
3089	6181.99	5733.30	-448.69
2862	7643.99	7193.35	-450.64
2878	7480.99	7017.70	-463.29
2880	4826.99	4359.34	-467.65
2998	4567.99	4089.49	-478.50
3022	5831.85	5341.22	-490.63
3035	6472.84	5980.47	-492.37
2999	7931.99	7439.44	-492.55
3023	6667.85	6174.87	-492.98
2911	4925.99	4423.42	-502.57
2967	8442.99	7932.36	-510.63
3143	8125.99	7612.80	-513.19
2860	7386.99	6868.28	-518.71
3105	5791.99	5270.17	-521.82
3178	5488.99	4965.08	-523.91
2964	4620.99	4096.07	-524.92
3171	7786.99	7256.58	-530.41
2826	7218.99	6684.58	-534.41
3080	4396.99	3862.02	-534.97
2925	8453.99	7908.47	-545.52
3033	6901.85	6354.01	-547.84
3029	7638.85	7090.59	-548.26
3126	4320.99	3772.63	-548.36
2996	4122.99	3571.17	-551.82
2990	5048.99	4496.39	-552.60
2912	7228.99	6670.60	-558.39
2949	9220.99	8659.65	-561.34
2971	7920.99	7358.71	-562.28
3049	6556.99	5991.65	-565.34
3052	6496.99	5923.87	-573.12
2846	5467.99	4889.19	-578.80
2933	8799.99	8219.98	-580.01
2931	3388.99	2807.24	-581.75
2932	9943.99	9360.78	-583.21
2833	4483.99	3896.91	-587.08
2901	5651.99	5057.11	-594.88
3070	6591.99	5975.62	-616.37
3020	5054.85	4436.79	-618.06
2922	3567.99	2948.91	-619.08
2807	7912.99	7291.57	-621.42
3073	5648.99	5026.21	-622.78
2840	4574.99	3944.33	-630.66
2895	6103.99	5470.52	-633.47
3008	4358.85	3724.38	-634.47
2855	5918.99	5277.42	-641.57
2900	6347.99	5700.02	-647.97
2923	9764.99	9101.66	-663.33
3024	6216.85	5551.55	-665.30
3160	4920.99	4251.53	-669.46
2985	9083.99	8398.00	-685.99
3088	4217.99	3530.65	-687.34
2952	9372.99	8680.41	-692.58
3189	8264.99	7567.01	-697.98
3053	6002.99	5291.22	-711.77
2982	6994.99	6278.88	-716.11
2910	7073.99	6339.25	-734.74
3004	5526.85	4777.82	-749.03
3133	9104.99	8331.01	-773.98
3140	5630.99	4855.65	-775.34
3194	7498.99	6694.22	-804.77
3195	7500.99	6692.47	-808.52
3147	7715.99	6901.39	-814.60
3057	8101.99	7275.69	-826.30
3005	6972.85	6145.33	-827.52
2935	7321.99	6493.60	-828.39
2995	7751.99	6916.93	-835.06
2983	6337.99	5499.66	-838.33
2891	6416.99	5577.88	-839.11
3082	4871.99	4017.44	-854.55
3138	5497.99	4634.57	-863.42
2903	5508.99	4642.57	-866.42
2963	8957.99	8069.04	-888.95
3063	6961.99	6037.99	-924.00
2989	8550.99	7618.27	-932.72
3039	7910.99	6975.71	-935.28
2956	5711.99	4756.23	-955.76
3061	7205.99	6240.89	-965.10
2805	8178.99	7213.37	-965.62
3059	7652.99	6681.04	-971.95
2915	4623.99	3640.26	-983.73
2869	4060.99	3072.06	-988.93
2896	6040.99	5050.90	-990.09
3065	6775.99	5768.54	-1007.45
3119	5810.99	4774.77	-1036.22
2853	6201.99	5148.12	-1053.87
3103	5506.99	4445.00	-1061.99
3017	8087.85	6971.77	-1116.08
2881	7172.99	6045.84	-1127.15
3179	9510.99	8347.71	-1163.28
2893	6267.99	5090.04	-1177.95
3163	8815.99	7517.86	-1298.13
2987	8816.99	7444.69	-1372.30
2973	7657.99	6106.70	-1551.29

合计	2499993.29	2433296.10	-66697.19
