258      113874.47
260      148077.2
2081      1897.65
2082      1505.78
2083      1997.67
2084      1767.43
2085      1635.91
2086      1839.66
2087      1789.65
2088      1908.77
2089      1625.89
2090      2000
2091      1708.15
2092      1925.43
2093      1749.99
2094      1582.58
2095      1845.22
2096      1981
2097      1680.36
2098      1750.78
2099      1599.25
2100      1875.43
2101      1521.46
2102      1674.81
2103      1800.76
2104      1822.99
2105      1961.51
2106      1549.24
2107      1986.55
2108      1747.04
2109      1600
2110      1874.99
2111      1953.21
2112      1500.25
2113      1697.03
2114      1867.44
2115      1947.66
2116      1538.13
2117      1801.22
2118      1914.32
2119      1724.82
2120      1554.8
2121      1610.36
2122      1811.88
2123      1930.99
2124      1784.09
2125      1992.11
2126      1834.1
2127      1571.47
2128      1942.1
2129      1700.01
2130      1861.89
2181      1897.65
2182      1505.78
2183      1997.67
2184      1767.43
2185      1635.91
2186      1839.66
2187      1789.65
2188      1908.77
2189      1625.89
2190      2000
2191      1708.15
2192      1925.43
2193      1749.99
2194      1582.58
2195      1845.22
2196      1981
2197      1680.36
2198      1750.78
2199      1599.25
2200      1875.43
2201      1521.46
2202      1674.81
2203      1800.76
2204      1822.99
2205      1961.51
2206      1549.24
2207      1986.55
2208      1747.04
2209      1600
2210      1874.99
2211      1953.21
2212      1500.25
2213      1697.03
2214      1867.44
2215      1947.66
2216      1538.13
2217      1801.22
2218      1914.32
2219      1724.82
2220      1554.8
2221      1610.36
2222      1811.88
2223      1930.99
2224      1784.09
257      39229.24
259      27197.18
261      85009.4
264      53859.74
265      39038.76
266      24851.33
268      28694.47
269      43213.52
2005      18918.69
2006      19965.42
2007      31427.44
2008      1447.07
2131      1702.59
2132      1685.92
2133      1856.33
2134      1599.99
2135      1719.26
2136      1527.01
2137      1817.43
2138      1969.88
2139      1730.37
2140      1565.91
2141      1828.55
2142      1615.92
2143      1880.98
2144      1975.44
2145      1795.21
2146      1502.11
2147      1903.21
2148      1641.47
2149      1510.34
2150      1772.98
2151      1964.33
2152      1892.1
2153      1761.87
2154      1620.48
2155      1967.95
2156      1936.54
2157      1588.14
2158      1647.02
2159      1806.32
2160      1919.88
2161      1669.25
2162      1756.32
2163      1515.9
2164      1886.54
2165      1658.14
2166      1778.54
2167      1577.02
2168      1630.45
2169      1663.69
2170      1872
2171      1713.7
2172      1543.68
2173      1850.77
2174      1652.58
2175      1604.81
2176      1741.49
2177      1560.35
2178      1532.57
2179      1958.77
2180      1960.08
2231      1702.59
2232      1685.92
2233      1856.33
2234      1599.99
2235      1719.26
2236      1527.01
2237      1817.43
2238      1969.88
2239      1730.37
2240      1565.91
2241      1828.55
2242      1615.92
2243      1880.98
2244      1975.44
2245      1795.21
2246      1502.11
2247      1903.21
2248      1641.47
2249      1510.34
2250      1772.98
2251      1964.33
2252      1892.1
2253      1761.87
2254      1620.48
2255      1967.95
2256      1936.54
2257      1588.14
2258      1647.02
2259      1806.32
2260      1919.88
2261      1669.25
2262      1756.32
2263      1515.9
2264      1886.54
2265      1658.14
2266      1778.54
2267      1577.02
2268      1630.45
2269      1663.69
2270      1872
2271      1713.7
2272      1543.68
2273      1850.77
2274      1652.58
2275      1604.81
2276      1741.49
2277      1560.35
2278      1532.57
2279      1958.77
2280      1960.08
278      36688.93
279      43874.81
801      47519.6
853      3638
886      1768.49
888      3849
891      3305
892      3198
899      1727.5
898      845.49
854      914.62
896      810.62
897      709.31
2009      1255.89
2010      9851
2011      10435.5
2012      2347.08
2732      6750
2733      5400
2734      4820
2735      7100
2736      3680
2737      7990
2738      4550
2739      5820
2740      6310
2741      7420
2742      3890
2743      5175
2744      6040
2745      7360
2746      3290
2747      5630
2748      6710
2749      4140
2750      7820
2751      3520
2752      5980
2753      4660
2754      7280
2755      6430
2756      5540
2757      5875
2758      7710
2759      4920
2760      6120
2761      3380
2762      7050
2763      6490
2764      3710
2765      5240
601      2193.11
602      1488.14
603      922.69
604      1083.13
605      783.84
611      2188.6
614      1098.2
618      2341.3
622      2127.42
623      3886
624      1004.1
625      6491.78
626      5574.18
627      5855.45
628      32122.09
629      43896.22
632      35820.45
633      1818.36
635      36792.84
636      34863.41
640      39642.71
642      34640.79
643      31592.27
644      973.01
646      847.16
647      1179.34
648      792.81
649      688.85
656      1232.9
657      813.68
658      1102.59
659      1247.6
660      1437.57
661      1354.54
662      1491
667      916.71
668      947.5
669      3063
670      3162
672      1592.74
674      1550.65
675      1535.85
678      637.62
679      1406.38
680      2781.48
681      2582.41
682      3104
684      1461.18
685      1972.71
686      3564
688      2091.17
689      1625.45
691      1697.51
692      3086
694      1585.91
699      3932
2013      593.33
2014      2054.96
2015      888.68
2016      13292.74
254      34325.57
255      89190.77
256      15494.72
262      93890.41
400      614.74
2001      16683.97
2002      16768.82
2003      11923.59
2004      19618.41
2017      7562.43
2018      1360.33
2019      10,059.15
2020      1105.18
2225      1992.11
2226      1834.1
2227      1571.47
2228      1942.1
2229      1700.01
2230      1863.06
501      3748
502      1566.76
503      2001.98
507      1845.16
509      3911
511      2357.22
513      6099.48
519      3831
521      3547
523      36335.55
524      21683.85
525      1976.21
526      1844.19
530      5365.41
536      5430.03
542      2308.6
546      5466.34
550      3469
551      3824.53
557      4014
571      3898
581      3985
587      3919
590      2393.25
591      2062.6
592      2484.27
594      2018.52
597      1775.49
599      1868.76
1006      3678.4
1008      34509.34
1011      5304.23
1012      5387.61
1013      5494.61
1016      4008
1018      5593.91
1019      2977.93
1020      2419.98
1022      3769
1029      3697.24
1033      31807.61
1034      5380.09
1036      5169.58
1039      4012
1042      4001.47
1044      5285.89
1045      3977.37
1048      1468.89
1057      1769.85
1058      3295
1059      3712
1060      3521.19
2021      14583.72
2022      8102.82
2023      10023.9
2024      1000.18
704      43451.98
715      764.36
746      1699.59
747      942.95
748      1483.1
749      1152.37
750      2872
751      1754.41
752      1222.8
753      2776.79
754      1569.27
755      570.61
756      1648.53
757      869.99
758      1467.76
762      950.64
764      1239.24
765      1631.61
766      1195.19
767      490.19
768      887.1
769      1271.05
770      2433.16
771      751.52
773      29714.51
774      820.32
775      2840.65
776      1022.03
777      1414.59
778      369.41
779      751.31
780      1268.26
781      1560.29
782      2866
784      3525
786      3921
787      1007.8
788      590.47
791      32113.49
792      1718.68
793      2802.44
795      1196.65
797      1582.99
798      990
799      1301.76
800      962.13
1062      1299.94
1065      1202.56
1067      3196
1068      3814
1073      1504.66
1074      1604.44
1075      2767.89
1076      1545.78
1080      1802.03
1081      1517.29
1082      1378.02
1083      2871
1084      1556.64
2025      30410.28
2026      1248.9
2027      12532.64
2028      13025.8
401      2263.82
403      3579.43
404      1110.27
405      1662.41
406      6845.79
407      7320.92
408      7322.59
409      9948.54
410      7390.6
411      2814.21
412      2241.83
413      2716.71
414      3079.4
415      1280.27
416      1855.39
417      1100.65
418      1157.84
419      1041.65
420      995.87
422      1180.06
423      547.69
424      534.28
425      1094.13
426      1476.79
427      1252.24
428      1390.46
429      809.23
431      1747.21
434      1196.37
435      572.1
436      1640.77
437      823.84
438      1688.99
439      524.94
441      1211.81
443      749.59
444      38384.95
446      30938.77
447      2624.69
449      3828.21
450      2522.57
453      1327.51
454      1542.92
456      5380.71
457      4042.61
459      1325.2
460      1303.16
461      733
463      3330.94
464      1997.46
465      1444.76
466      1438.32
467      710.65
469      3691.49
472      3350.9
474      1613.57
475      1617.63
476      2150.91
477      3129.62
481      268.89
483      1201.78
484      416.47
485      3601.26
487      1638.64
488      1855.62
489      3659.86
490      2703.63
491      2877.72
492      3436.46
493      1894.49
494      3406.33
495      3820.89
496      1656.16
497      1598.73
498      1935.67
499      3787.87
500      2153.01
1182      1359.96
1183      3630.65
1185      3645.87
1187      6366.96
1188      1264.4
1189      1389.91
1190      2744.2
1191      3188.44
1192      2927.94
1195      1361.92
1197      2960.31
1198      1708
1200      2882.27
2029      37777.83
2030      32215.87
      
2032      1471.36
901      5316.01
902      29893.95
903      1191.8
906      1628.71
907      3192
908      1324.66
909      2845
910      3678
911      917.21
914      1412.63
915      1462.52
      
918      2111.43
920      3983
922      563.59
923      3990
925      3817
926      1223.78
928      2875
929      2813.12
930      2052.37
931      2750.68
932      3572
933      3228
934      3555
936      1646.07
937      3076
938      3027
939      1502.77
945      1654.72
947      3679
948      2138.1
949      1502.85
950      1688.5
951      3053
952      3297
953      5405.57
954      2605.14
955      3875
956      1686.3
957      1605.44
961      1695.28
963      4023
964      1659.37
967      3384
969      2119.92
970      3431.1
971      1778.09
972      3867
973      3336
976      2748.97
982      1620.37
983      3930
988      3769
989      1234.44
990      2465.54
991      3820
993      2182.06
994      3912
995      3083
996      3170
998      2378.13
1000      2831
2033      11896.21
2034      1309.91
2035      11406.46
2036      14000.19
1605      2680.89
1607      3285.79
1617      2067.37
1618      3407.41
1620      880.97
1621      1235.44
1622      3609.44
1624      3753.44
1625      1194.21
1626      1074.83
1628      696.16
1630      638.6
1632      781.23
1634      3624.29
1636      457.5
1637      3867.33
1638      2962.17
1639      1607.73
1642      1390.97
1644      999.14
1645      624.55
1647      3623.26
1648      546.77
1649      691.4
1650      3558.23
1652      131.24
1653      816.73
1655      3441.06
1656      640.69
1658      3184.89
1660      2497.62
1661      1040.73
1662      3561.97
1663      3031.69
1664      920.79
1665      1067.66
1666      3219.59
1667      3564.97
1669      827.22
1670      2540.11
1671      1629.97
1672      1644.12
1673      528.73
1674      4032.14
1675      3491.31
1676      755.93
1677      649.5
1678      1359.03
1680      1346.49
1681      2474.31
1682      1738.62
1683      2759.13
1684      893.47
1685      5451.67
1687      3562.84
1689      1381.77
1690      3801.18
1691      3350.38
1692      1169.7
1693      1068.54
1695      3737.17
1696      3538.05
1697      839.97
1698      3761.42
1700      1206.8
1701      1300.09
1702      3883.48
1703      3162.76
1704      1419.08
1705      552.73
1706      3156.32
1708      875.71
1709      1387.36
1710      912.23
1712      1808.32
1713      711.21
1716      428.11
1717      1064.09
1718      3701.61
1720      721.91
2037      18784.52
2038      7899.12
2039      1511.65
2040      9620.72
1452      5134.14
1453      2905
1454      3773
1457      5112.84
1458      3,740.53
1459      5480.64
1460      3854.94
1461      3268
1462      2895
1463      5,223.88
1464      3786.57
1465      3912
1466      5891.17
1469      2809.53
1470      4,220.56
1471      4,490.76
1472      5,283.07
1474      5157.05
1475      3016
1476      3131
1477      3617.26
1478      4343.96
1479      4661.04
1480      4018
1481      2947
1482      3683.92
1483      3,429.66
1484      3435
1485      5494.67
1486      5,119.11
1487      3541
1489      3495
1495      4578.51
1496      5,188.42
1497      5,353.70
1498      5358.03
1504      4936
1505      3553
1506      3449
1507      5400.29
1508      4897.44
1509      4837.27
1510      3612.52
1511      2811.55
1515      5,392.73
1517      2646.47
1519      4,876.83
1521      5,468.29
1522      2900.13
1523      4221.13
1526      2,517.21
1529      3438
2041      14469.3
2042      5269.44
2043      3068.09
2044      11908.13
1301      2230.07
1303      4002
1304      3614
1306      1257.39
1307      3559
1309      2840.95
1310      2382.29
1312      3054
1313      3258
1314      2775.74
1315      2361.48
1316      2099.75
1317      2254.07
1318      3076.88
1319      1291.18
1320      2776.12
1321      3644.37
1323      3140.71
1324      2909.11
1325      2862.63
1326      2224.99
1329      2832.36
1331      3985
1334      3073
1335      2233.03
1336      2910
1338      2367.24
1339      3904
1343      1231.5
1345      2969.32
1346      32791.02
1353      2628.07
1356      3211.82
1360      3155.28
1364      2990.89
2045      17610.79
2046      12330.49
2047      11214.37
2048      1952.33
2049      15225.37
2050      1258.79
2051      38744.35
2052      24762.76
2281      1789.45
2282      1998.67
2283      1500.88
2284      1826.77
2285      1678.24
2286      1956.9
2287      1742.1
2288      1601.35
2289      1877.99
2290      2000
2291      1590.63
2292      1731.57
2293      1632.48
2294      1909.86
2295      1849.05
2296      1750.74
2297      1580.42
2298      1659.16
2299      1940.58
2300      1803.19
2301      1718.94
2302      1620.75
2303      1937.61
2304      1573.08
2305      1832.27
2306      1654.89
2307      1845.11
2308      1698.56
2309      1756.81
2310      1918.49
2311      1567.58
2312      1809.22
2313      1932.84
2314      1536.67
2315      1818.5
2316      1987.41
2317      1558.82
2318      1776.69
2319      1880.73
2320      1691.38
2321      1970.25
2322      1822.88
2323      1709.37
2324      1863.92
2325      1648.64
2326      1920.83
2327      1898.52
2328      1512.36
2329      1760.95
2330      1618.2
2581      2187.92
2582      1509.68
2583      2496.75
2584      1948.21
2585      2084.65
2586      2238.7
2587      1926.95
2588      1805.51
2589      2045.4
2590      2500
2591      1792.87
2592      2066.02
2593      1932.68
2594      2204.96
2595      2063.09
2596      2053.57
2597      1785.39
2598      1865.9
2599      2244.68
2600      2007.34
2601      1931.84
2602      1825.83
2603      2241.71
2604      1777.54
2605      2037.37
2606      1889.47
2607      2092.51
2608      2058.04
2609      1817.87
2610      2207.24
2611      1779.42
2612      2016.53
2613      2287.94
2614      1741.76
2615      2010.68
2616      2229.51
2617      1761.92
2618      2081.19
2619      2181.83
2620      1895.72
2621      2271.45
2622      2032.98
2623      1920.47
2624      2069.21
2625      1855.74
2626      2225.93
2627      2197.12
2628      1714.46
2629      2071.05
2630      1829.97
1368      2775.83
1369      3207
1371      1306.3
1372      2972
1373      1542.68
1374      1671.55
1375      1270.71
1376      1279.27
1377      2984
1383      3660
1384      2392.59
1385      2622.9
1389      2964
1391      3291
1392      1474.9
1395      1440.1
1399      3917
1400      2046.48
1401      2482.27
1402      3484
1403      1046.14
1404      2184.52
1405      861.63
1406      3671
1408      983.83
1409      1284.57
1410      3752
1411      2330.5
1413      1160.7
1414      887.98
1415      1873.22
1416      3886
1417      6002.51
1418      1406.43
1419      1190.06
1426      1418.13
1427      913.88
1428      3969
1429      3674
1430      3813
1433      1224.09
1434      1203.59
1435      1035.2
1437      1546.87
1438      3920
1439      1929.36
2053      32490.68
      
2055      35887.54
2056      36994.42
341      2459.14
342      1537.52
343      1912.54
344      1834.82
345      2604.71
346      2515.05
347      2838.27
348      1630.41
349      2132.88
350      1544.7
351      1827.96
352      2258.03
353      1539.8
354      1798.26
355      2474.83
356      2317.41
357      1830.66
358      2383.9
606      2714.15
607      1509.75
608      2708.73
609      2547.21
610      2010.38
701      1733.22
702      2935.82
703      2004.89
904      1639.12
943      1645.07
1085      2771.24
1086      2405.59
1087      2710.69
1088      2594.6
1089      2304.34
1090      2959.67
1091      2067.8
1092      2328.06
1093      2744.11
1094      2427.78
1095      2792.56
1096      2366.03
1097      2556.86
1098      1568.74
1099      1841.85
1100      1934.08
1101      1619.69
1102      1849.19
1103      1651.5
1104      1916.96
1105      2453.53
1106      2047.25
1107      2055.27
1108      1814.26
1109      1900.47
1110      2904.98
1111      2472.05
1112      2413.7
1113      1756.71
1114      2593.69
1115      1745.1
1116      2069.18
1117      2984.29
1118      2460
1119      2335.42
1120      2526.92
1131      2764.28
1132      2664
1133      1843.57
1134      1548.15
1135      1973.18
1136      1901.61
2057      31269.94
2058      17827.9
2059      36712.54
2060      18219.93
1137      1816.47
1138      2914.36
1139      2814.55
1140      1972.02
1141      2483.16
1142      2093.45
1143      2871.82
1144      2188.28
1145      1897.32
1146      1697.92
1147      2042.05
1148      1894.11
1149      2176.88
1150      2346.73
1151      2099.1
1152      1828.98
1153      2496.31
1154      1964.29
1366      1636.36
1379      1570.67
1382      1664.47
1421      2441.17
1422      2688.12
1423      2,133.24
1424      1,595.29
1425      2,072.43
1450      2,994.18
1456      2,293.67
1531      2,956.62
1532      2791.17
1534      1517.22
1535      2581.08
1536      2522.57
1537      2305.46
1538      1900.24
1539      2,461.44
1540      1,667.33
1541      2,152.15
1542      2,180.59
1543      2,930.72
1544      2,813.78
1545      1,895.08
1546      2250.88
1547      1767.98
1548      2868.94
1549      2805.78
1550      1947.67
1551      2458.42
1552      2413.46
1553      1729.26
1554      2643.77
1555      2309.07
1556      2667.94
1557      2295.53
1558      1500.86
1559      1986.23
1560      1529.22
1561      2893.65
1562      2818.08
1563      2747.5
1564      1961.27
1565      1586.89
1566      2817.01
1567      2920.42
1568      1628.48
1569      2228.99
1570      1603.82
1571      2640.9
1572      2648.75
1573      1692.59
2061      39656.37
2062      35370.99
2063      2191.13
2064      30667.55
1574      2212.92
1575      2324.71
1576      1897.58
1577      2808.65
1578      2134.71
1579      1817.7
1580      2308.94
1581      2594.9
1582      1801.73
1583      1967.57
1584      2992.72
1585      2474.82
1586      2157.15
1587      2276.36
1588      1681.51
1589      2007.13
1590      1837.05
1602      2382.46
1603      1843.41
1751      1830.33
1752      1606.49
1753      2446.65
1754      1845.17
1755      2858.13
1756      2789.45
1757      1606.29
1758      1857.01
1759      2503.47
1760      1821.36
1761      1698.47
1762      2903.27
1763      2356.56
1764      2209.01
1765      2676.93
1766      2711.25
1767      1785.61
1768      1645.4
1769      2146.58
1770      2135.37
1771      2200.54
1772      2593.61
1773      2510.05
1774      2976.25
1775      1647.63
1776      2103.93
1777      2008.95
1778      2792.51
1779      1872.98
1780      1785.31
1781      2172.92
1782      2132.82
1783      1917.82
1784      1874.71
1785      2884.9
1786      2164.7
1787      2624.88
1788      2325.49
1789      1575.88
1790      2598.92
1791      2754.04
1792      2953.49
1793      2389.55
1794      2773.04
1795      1749.47
1796      2228.46
1797      1820.62
1798      2101.56
1799      1587.95
1800      2068.46
1801      2977.96
2065      32771.82
2066      34216.7
2067      37994.04
2068      2404.01
1802      1897.8
1803      2676.11
1804      2182.51
1805      2134.51
1806      2935.98
1807      2993.13
1808      2333.65
1809      2577.61
1810      1732.2
1811      1945.06
1812      2953.06
1813      2368.77
1814      2313.29
1815      2621.96
1816      1585.75
1817      2376.27
1818      2254.28
1819      2779.08
1820      1736.15
1821      2941.17
1822      1620.17
1823      1778.74
1824      2392.55
1825      2512.82
1826      1852.81
1827      1679.83
1828      2835.43
1829      1869.32
1830      2391.78
1831      2429.07
1832      2128.84
1833      2375.51
1834      2284.17
1835      2902.06
1836      1806.39
1837      2574.29
1838      1858.03
1839      2093.68
1840      2507.54
1841      1950
1842      1974.27
1843      2627.8
1844      1608.81
1845      2187.43
1846      2997.68
1847      2994.14
1848      1609.89
1849      1819.73
1850      1897.8
1851      2899.89
1852      2821.3
1853      2818.91
1854      2054.29
1855      1736.62
1856      2750.62
1857      2555.31
1858      2417.52
1859      2980.85
1860      2480.96
1861      1511.73
1862      2725.66
1863      1949.07
1864      2495.08
1865      2908.4
1866      1701.44
1867      1673.14
1868      1660.55
1869      2329.84
1870      1908.52
1871      2407.24
2069      2416.1
2070      35352.48
2071      20360.15
2072      14063.01
1      95401.33
2      197568.73
9      3864.52
10      83338.5
1872      2576.42
1873      1805.4
1874      2451.36
1875      2858
1876      1895.98
1877      2232.8
1878      2769.16
1879      1638.45
1880      2135.36
1881      1915.02
1882      1505.32
1883      2656.68
1884      2455.67
1885      1892.93
1886      2611.85
1887      2327.52
1888      2141.53
1889      1514.5
1890      1612.87
1891      2824.66
1892      2855.89
1893      2318.39
1894      2751.89
1895      2373.76
1896      1722.14
1897      1691.17
1898      1962.39
1899      2848.47
1900      2694.18
1901      2791.05
1902      2848.39
1903      1815.11
1904      1874.29
1905      1654.19
1906      2670.17
1907      2826.2
1908      2109.57
1909      2430.99
1910      1731.83
1911      2894.82
1912      2796.91
1913      2964.31
1914      2716.16
1915      2822.12
1916      1537.18
1917      2604.85
1918      1998.28
1919      2896.22
1920      2703.35
1921      2796.1
1922      2716.12
1923      1900.21
1924      2681.06
1925      1662.14
1926      2808.25
1927      2787.89
1928      1833.65
1929      2724.88
1930      2190.45
1931      1957.79
1932      2693.02
1933      1841.39
1934      1535.5
1935      1789.69
1936      1992.39
1937      2796.53
1938      2950.33
1939      1918.69
1940      2462.22
2073      35159.92
2074      30637.79
2075      22456.02
2076      16935.99
6      43567.36
1941      2099.52
1942      2971.72
1943      2304.32
1944      2908.86
1945      1673.01
1946      2955.6
1947      1767.85
1948      2943.8
1949      1898.2
1950      1662.6
1951      2151.85
1952      2592.82
1953      1970.52
1954      2409.31
1955      2267.13
1956      2077.79
1957      2364.88
1958      1882.08
1959      2563.18
1960      1502.54
1961      2888.36
1962      2307.68
1963      2579.14
1964      2612.93
1965      2505.94
1966      2046.33
1967      1604.96
1968      2496.36
1969      1995.3
1970      1970.87
1971      1530
1972      2579.63
1973      1950.48
1974      1963.93
1975      4884.61
1976      2103.6
1977      1943.48
1978      1690.93
1979      2130.67
1980      2910.55
1981      2515.98
1982      2054.21
1983      2023.27
1984      1951.42
1985      2321.91
1986      1500.61
1987      1900.37
1988      2144.83
1989      2069.98
1990      1986.41
2077      32450.97
2078      28462.84
2079      33052.99
2080      31492.1
2381      1876.42
2382      1508.91
2383      1997.23
2384      1745.18
2385      1683.59
2386      1934.67
2387      1721.85
2388      1602.41
2389      1842.3
2390      2000
2391      1589.67
2392      1763.92
2393      1628.53
2394      1901.74
2395      1859.89
2396      1750.47
2397      1581.29
2398      1661.8
2399      1942.56
2400      1802.93
2401      1727.68
2402      1619.73
2403      1939.81
2404      1575.34
2405      1830.18
2406      1698.75
2407      1789.54
2408      1854.8
2409      1610.77
2410      1905.12
2411      1578.24
2412      1814.93
2413      1988.09
2414      1538.56
2415      1807.48
2416      1926.95
2417      1556.4
2418      1781.06
2419      1879.21
2420      1691.62
2421      1970.38
2422      1828.75
2423      1715.37
2424      1863.11
2425      1649.58
2426      1921.4
2427      1891.02
2428      1511.75
2429      1768.59
2430      1623.43
2481      1867.92
2482      1509.68
2483      1996.75
2484      1748.21
2485      1684.65
2486      1938.7
2487      1726.95
2488      1605.51
2489      1845.4
2490      2000
2491      1592.87
2492      1766.02
2493      1632.68
2494      1904.96
2495      1863.09
2496      1753.57
2497      1585.39
2498      1665.9
2499      1944.68
2500      1807.34
2501      1731.84
2502      1625.83
2503      1941.71
2504      1577.54
2505      1837.37
2506      1689.47
2507      1792.51
2508      1858.04
2509      1617.87
2510      1907.24
2511      1579.42
2512      1816.53
2513      1987.94
2514      1541.76
2515      1810.68
2516      1929.51
2517      1561.92
2518      1781.19
2519      1881.83
2520      1695.72
2521      1971.45
2522      1832.98
2523      1720.47
2524      1869.21
2525      1655.74
2526      1925.93
2527      1897.12
2528      1514.46
2529      1771.05
2530      1629.97
2431      1912.88
2432      1645.29
2433      1547.65
2434      1958.46
2435      1798.7
2436      1667.38
2437      1976.5
2438      1770.62
2439      1679.84
2440      1738.19
2441      1654.71
2442      1896.37
2443      1571.98
2444      1792.45
2445      1947.83
2446      1617.95
2447      1871.59
2448      1543.97
2449      1787.84
2450      1982.71
2451      1565.81
2452      1775.28
2453      1659.43
2454      1908.26
2455      1800.65
2456      1598.37
2457      1823.61
2458      1710.94
2459      1569.82
2460      1889.45
2461      1756.91
2462      1529.78
2463      1867.15
2464      1965.27
2465      1516.83
2466      1835.04
2467      1919.58
2468      1640.86
2469      1503.1
2470      1819.76
2471      1910.64
2472      1749.82
2473      1674.25
2474      1524.69
2475      1851.46
2476      1688.97
2477      1960.91
2478      1847.2
2479      1500
2480      1990.49
2531      1915.83
2532      1648.39
2533      1549.86
2534      1956.58
2535      1799.81
2536      1651.97
2537      1975.4
2538      1773.72
2539      1681.98
2540      1736.45
2541      1670.18
2542      1856.47
2543      1583.04
2544      1788.94
2545      1948.93
2546      1621.09
2547      1875.69
2548      1552.95
2549      1795.77
2550      1983.4
2551      1568.19
2552      1778.38
2553      1663.04
2554      1910.59
2555      1803.76
2556      1598.74
2557      1829.16
2558      1718.09
2559      1572.93
2560      1887.56
2561      1759.64
2562      1531.88
2563      1892.25
2564      1968.97
2565      1519.37
2566      1841.56
2567      1921.8
2568      1643.06
2569      1505.21
2570      1823.87
2571      1752.79
2572      1913.84
2573      1677.3
2574      1526.79
2575      1853.31
2576      1691.57
2577      1963.51
2578      1847.7
2579      1500
2580      1991.82
2331      3229.78
2332      4798.44
2333      4943.65
2334      6124.09
2335      5193.33
2336      4921.77
2337      5519.54
2338      5059.4
2339      5116.72
2340      4897.85
2341      5035.98
2342      5329.37
2343      4798.14
2344      5367.28
2345      4184.97
2346      5057.91
2347      7138.43
2348      4061.85
2349      5170.67
2350      5227.3
2351      4754.79
2352      4897.12
2353      6145.84
2354      5264.49
2355      5021.56
2356      5003.32
2357      5071.9
2358      5242.23
2359      4718.76
2360      5213.88
2361      1705.61
2362      1528.97
2363      1890.15
2364      1967.89
2365      1517.29
2366      1838.46
2367      1926.7
2368      1625.53
2369      1505.1
2370      1812.64
2371      1748.59
2372      1911.76
2373      1672.8
2374      1521.48
2375      1859.21
2376      1683.47
2377      1961.45
2378      1841.9
2379      1500
2380      1990.71