0.1    6578947.368
0.6    183958.7932
1.1    54963.17467
1.6    26106.934
2.1    15242.97299
2.6    9990.00999
3.1    7064.841112
3.6    5264.931345
4.1    4081.366115
4.6    3259.239945
5.1    2665.557795
5.6    2222.143213
6.1    1883.005126
6.6    1617.024029
7.1    1404.798229
7.6    1232.705147
8.1    1091.186054
8.6    973.2094892
9.1    873.9471122
9.6    789.6199717
10    730.994152
10.1    717.3590856
10.6    654.9543366
11.1    600.6006006
11.6    553.1046872
12.1    511.2249666
12.6    474.1610668
13.1    441.1458499
13.6    411.6988341
14.1    385.2362076
14.6    361.4032856
15.1    339.8602359
15.6    320.3206281
16.1    302.5121822
16.6    286.2619457
17.1    271.3919258
17.6    257.7489649
18.1    245.200687
18.6    233.6118922
19.1    222.9243845
19.6    213.0110561
20.1    203.7983114
20.6    195.2525514
21.1    187.2959411
21.6    179.861291
22.1    172.9168021
22.6    166.420143
23.1    160.321618
23.6    154.6116958
24.1    149.2367139
24.6    144.1810545
25.1    139.4199239
25.6    134.9309154
26.1    130.6848224
26.6    126.6729057
27.1    122.8865359
27.6    119.2858499
28.1    115.8814348
28.6    112.6450869
29.1    109.5799144
29.6    106.6609326
30.1    103.8855265
30.6    101.2383475
31.1    98.72379747
31.6    96.32181658
32.1    94.0315363
32.6    91.84635794
33.1    89.76017696
33.6    87.76216313
34.1    85.85254756
34.6    84.02643942
35.1    82.27929443
35.6    80.60688602
36.1    79.00077294
36.6    77.46641444
37.1    75.99147984
37.6    74.57726622
38.1    73.21669036
38.6    71.91521139
39.1    70.66211961
39.6    69.45903084
40.1    68.3036315
40.6    67.19375238
41.1    66.12376411
41.6    65.09548727
42.1    64.10711735
42.6    63.15695868
43.1    62.24341707
43.6    61.36170961
44.1    60.51704553
44.6    59.70157808
45.1    58.91420183
45.6    58.16003968
46.1    57.43479657
46.6    56.73442118
47.1    56.06100155
47.6    55.41359823
48.1    54.78843828
48.6    54.19049694
49.1    53.60759838
49.6    53.05881973
50.1    52.5265259